xflr5 v6.59

Plane name :        Volde h =3.0
Polar name :        T1-55.6 m/s-VLM1-0.0kg-x0.0m
Freestream speed :  55.600 m/s


   alpha      Beta       CL          CDi        CDv        CD         CY         Cl         Cm         Cn        Cni       QInf        XCP
   -2.000     0.000   0.219238   0.001259   0.005416   0.006675   0.000000  -0.000000  -0.824807  -0.000000  -0.000000   55.6000     2.9500
   -1.800     0.000   0.237701   0.001476   0.005278   0.006754   0.000000  -0.000000  -0.887257  -0.000000  -0.000000   55.6000     2.9180
   -1.600     0.000   0.256161   0.001711   0.005172   0.006883   0.000000  -0.000000  -0.949887  -0.000000  -0.000000   55.6000     2.8905
   -1.400     0.000   0.274616   0.001963   0.005096   0.007059   0.000000  -0.000000  -1.012701  -0.000000  -0.000000   55.6000     2.8668
   -1.200     0.000   0.293067   0.002233   0.005047   0.007280   0.000000  -0.000000  -1.075688  -0.000000  -0.000000   55.6000     2.8461
   -1.000     0.000   0.311512   0.002520   0.005018   0.007538   0.000000  -0.000000  -1.138833  -0.000000  -0.000000   55.6000     2.8278
   -0.800     0.000   0.329952   0.002824   0.005003   0.007828   0.000000  -0.000000  -1.202152  -0.000000  -0.000000   55.6000     2.8116
   -0.600     0.000   0.348386   0.003146   0.004998   0.008144   0.000000  -0.000000  -1.265662   0.000000  -0.000000   55.6000     2.7972
   -0.400     0.000   0.366813   0.003485   0.004997   0.008482   0.000000  -0.000000  -1.329377   0.000000  -0.000000   55.6000     2.7842
   -0.200     0.000   0.385234   0.003842   0.005000   0.008841   0.000000  -0.000000  -1.393299  -0.000000  -0.000000   55.6000     2.7724
    0.000     0.000   0.403648   0.004215   0.005005   0.009220   0.000000  -0.000000  -1.457417  -0.000000   0.000000   55.6000     2.7618
    0.200     0.000   0.422053   0.004606   0.005014   0.009620   0.000000  -0.000000  -1.521730   0.000000   0.000000   55.6000     2.7521
    0.400     0.000   0.440451   0.005014   0.005026   0.010040   0.000000  -0.000000  -1.586242  -0.000000   0.000000   55.6000     2.7432
    0.600     0.000   0.458841   0.005439   0.005039   0.010477   0.000000  -0.000000  -1.650950   0.000000   0.000000   55.6000     2.7351
    0.800     0.000   0.477222   0.005881   0.005053   0.010934   0.000000  -0.000000  -1.715851   0.000000   0.000000   55.6000     2.7276
    1.000     0.000   0.495593   0.006340   0.005072   0.011413   0.000000  -0.000000  -1.780938   0.000000   0.000000   55.6000     2.7206
    1.200     0.000   0.513955   0.006817   0.005097   0.011914   0.000000  -0.000000  -1.846211   0.000000   0.000000   55.6000     2.7142
    1.400     0.000   0.532307   0.007310   0.005120   0.012430   0.000000  -0.000000  -1.911667   0.000000   0.000000   55.6000     2.7083
    1.600     0.000   0.550648   0.007820   0.005151   0.012971  -0.000000  -0.000000  -1.977305   0.000000   0.000000   55.6000     2.7028
    1.800     0.000   0.568979   0.008347   0.005189   0.013536  -0.000000  -0.000000  -2.043114   0.000000   0.000000   55.6000     2.6976
    2.000     0.000   0.587298   0.008891   0.005234   0.014125  -0.000000  -0.000000  -2.109088   0.000000   0.000000   55.6000     2.6928
    2.200     0.000   0.605606   0.009452   0.005293   0.014745  -0.000000  -0.000000  -2.175235   0.000000   0.000000   55.6000     2.6883
    2.400     0.000   0.623901   0.010029   0.005377   0.015406  -0.000000  -0.000000  -2.241551   0.000000   0.000000   55.6000     2.6841
    2.600     0.000   0.642185   0.010624   0.005499   0.016122  -0.000000  -0.000000  -2.308006   0.000000   0.000000   55.6000     2.6801
    2.800     0.000   0.660455   0.011234   0.005646   0.016881  -0.000000  -0.000000  -2.374625   0.000000   0.000000   55.6000     2.6764
    3.000     0.000   0.678712   0.011862   0.005807   0.017669  -0.000000  -0.000000  -2.441381   0.000000   0.000000   55.6000     2.6729
    3.200     0.000   0.696956   0.012505   0.005983   0.018488  -0.000000  -0.000000  -2.508254   0.000000   0.000000   55.6000     2.6696
    3.400     0.000   0.715186   0.013166   0.006187   0.019352  -0.000000  -0.000000  -2.575201   0.000000   0.000000   55.6000     2.6665
    3.600     0.000   0.733401   0.013842   0.006427   0.020269  -0.000000  -0.000000  -2.642195   0.000000   0.000000   55.6000     2.6635
    3.800     0.000   0.751601   0.014535   0.006689   0.021224  -0.000000  -0.000000  -2.709260   0.000000   0.000000   55.6000     2.6608
    4.000     0.000   0.769786   0.015244   0.006949   0.022194  -0.000000  -0.000000  -2.776446   0.000000   0.000000   55.6000     2.6582
    4.200     0.000   0.787956   0.015969   0.007203   0.023172  -0.000000  -0.000000  -2.843776   0.000000   0.000000   55.6000     2.6557
    4.400     0.000   0.806110   0.016711   0.007452   0.024163  -0.000000  -0.000000  -2.911247   0.000000   0.000000   55.6000     2.6533
    4.600     0.000   0.824247   0.017468   0.007697   0.025165  -0.000000  -0.000000  -2.978853   0.000000   0.000000   55.6000     2.6511
    4.800     0.000   0.842367   0.018241   0.007939   0.026180  -0.000000  -0.000000  -3.046585   0.000000   0.000000   55.6000     2.6490
    5.000     0.000   0.860471   0.019030   0.008172   0.027202  -0.000000  -0.000000  -3.114467   0.000000   0.000000   55.6000     2.6470
    5.200     0.000   0.878556   0.019835   0.008395   0.028230  -0.000000  -0.000000  -3.182516   0.000000   0.000000   55.6000     2.6451
    5.400     0.000   0.896624   0.020656   0.008613   0.029269  -0.000000  -0.000000  -3.250717   0.000000   0.000000   55.6000     2.6433
    5.600     0.000   0.914674   0.021492   0.008834   0.030325  -0.000000  -0.000000  -3.319046   0.000000   0.000000   55.6000     2.6416
    5.800     0.000   0.932705   0.022343   0.009040   0.031384  -0.000000  -0.000000  -3.387510   0.000000   0.000000   55.6000     2.6400
    6.000     0.000   0.950716   0.023210   0.009238   0.032448  -0.000000  -0.000000  -3.456108   0.000000   0.000000   55.6000     2.6385
    6.200     0.000   0.968709   0.024093   0.009420   0.033512  -0.000000  -0.000000  -3.524828   0.000000   0.000000   55.6000     2.6370
    6.400     0.000   0.986681   0.024990   0.009604   0.034594  -0.000000  -0.000000  -3.593666   0.000000   0.000000   55.6000     2.6357
    6.600     0.000   1.004633   0.025903   0.009780   0.035683  -0.000000  -0.000000  -3.662611   0.000000   0.000000   55.6000     2.6344
    6.800     0.000   1.022565   0.026830   0.009967   0.036797  -0.000000  -0.000000  -3.731638   0.000000   0.000000   55.6000     2.6331
    7.000     0.000   1.040475   0.027773   0.010159   0.037932  -0.000000  -0.000000  -3.800759   0.000000   0.000000   55.6000     2.6320
    7.200     0.000   1.058365   0.028730   0.010341   0.039072  -0.000000  -0.000000  -3.869999   0.000000   0.000000   55.6000     2.6308
    7.400     0.000   1.076232   0.029702   0.010534   0.040236  -0.000000  -0.000000  -3.939333   0.000000   0.000000   55.6000     2.6298
    7.600     0.000   1.094077   0.030689   0.010711   0.041400  -0.000000  -0.000000  -4.008789   0.000000   0.000000   55.6000     2.6288
    7.800     0.000   1.111900   0.031690   0.010905   0.042595  -0.000000  -0.000000  -4.078323   0.000000   0.000000   55.6000     2.6278
    8.000     0.000   1.129700   0.032706   0.011090   0.043796  -0.000000  -0.000000  -4.147945   0.000000   0.000000   55.6000     2.6269
    8.200     0.000   1.147477   0.033736   0.011279   0.045015  -0.000000  -0.000000  -4.217660   0.000000   0.000000   55.6000     2.6261
    8.400     0.000   1.165230   0.034780   0.011475   0.046255  -0.000000  -0.000000  -4.287426   0.000000   0.000000   55.6000     2.6253
    8.600     0.000   1.182959   0.035838   0.011664   0.047502  -0.000000  -0.000000  -4.357272   0.000000   0.000000   55.6000     2.6246
    8.800     0.000   1.200664   0.036910   0.011872   0.048782  -0.000000  -0.000000  -4.427177   0.000000   0.000000   55.6000     2.6238
    9.000     0.000   1.218344   0.037996   0.012099   0.050095  -0.000000  -0.000000  -4.497132   0.000000   0.000000   55.6000     2.6232
    9.200     0.000   1.235999   0.039096   0.012316   0.051412  -0.000000  -0.000000  -4.567147   0.000000   0.000000   55.6000     2.6226
    9.400     0.000   1.253629   0.040209   0.012547   0.052756  -0.000000  -0.000000  -4.637198   0.000000   0.000000   55.6000     2.6220
    9.600     0.000   1.271233   0.041336   0.012792   0.054128  -0.000000  -0.000000  -4.707307   0.000000   0.000000   55.6000     2.6214
    9.800     0.000   1.288810   0.042476   0.013062   0.055538  -0.000000  -0.000000  -4.777455   0.000000   0.000000   55.6000     2.6209
   10.000     0.000   1.306362   0.043629   0.013340   0.056969  -0.000000  -0.000000  -4.847635   0.000000   0.000000   55.6000     2.6204
   10.200     0.000   1.323886   0.044795   0.013608   0.058404  -0.000000  -0.000000  -4.917865   0.000000   0.000000   55.6000     2.6200
   10.400     0.000   1.341383   0.045975   0.013890   0.059864  -0.000000  -0.000000  -4.988126   0.000000   0.000000   55.6000     2.6196
   10.600     0.000   1.358852   0.047167   0.014193   0.061360  -0.000000  -0.000000  -5.058403   0.000000   0.000000   55.6000     2.6192
   10.800     0.000   1.376294   0.048371   0.014529   0.062900  -0.000000  -0.000000  -5.128701   0.000000   0.000000   55.6000     2.6189
   11.000     0.000   1.393707   0.049589   0.014876   0.064464  -0.000000  -0.000000  -5.199050   0.000000   0.000000   55.6000     2.6186
   11.200     0.000   1.411092   0.050818   0.015212   0.066031  -0.000000  -0.000000  -5.269421   0.000000   0.000000   55.6000     2.6183
   11.400     0.000   1.428447   0.052060   0.015562   0.067622  -0.000000  -0.000000  -5.339797   0.000000   0.000000   55.6000     2.6180
   11.600     0.000   1.445774   0.053315   0.015933   0.069248  -0.000000  -0.000000  -5.410170   0.000000   0.000000   55.6000     2.6178
   11.800     0.000   1.463070   0.054581   0.016342   0.070923  -0.000000  -0.000000  -5.480530   0.000000   0.000000   55.6000     2.6176
   12.000     0.000   1.480337   0.055859   0.016784   0.072643  -0.000000  -0.000000  -5.550916   0.000000   0.000000   55.6000     2.6174
   12.200     0.000   1.497573   0.057149   0.017225   0.074374  -0.000000  -0.000000  -5.621319   0.000000   0.000000   55.6000     2.6173
   12.400     0.000   1.514779   0.058450   0.017671   0.076121  -0.000000  -0.000000  -5.691717   0.000000   0.000000   55.6000     2.6171
   12.600     0.000   1.531953   0.059763   0.018150   0.077912  -0.000000  -0.000000  -5.762101   0.000000   0.000000   55.6000     2.6170
   12.800     0.000   1.549096   0.061087   0.018694   0.079781  -0.000000  -0.000000  -5.832454   0.000000   0.000000   55.6000     2.6170
   13.000     0.000   1.566208   0.062422   0.019274   0.081696  -0.000000  -0.000000  -5.902770   0.000000   0.000000   55.6000     2.6169
   13.200     0.000   1.583287   0.063768   0.019857   0.083625  -0.000000  -0.000000  -5.973088   0.000000   0.000000   55.6000     2.6169
   13.400     0.000   1.600334   0.065125   0.020512   0.085637  -0.000000  -0.000000  -6.043411   0.000000   0.000000   55.6000     2.6169
   13.600     0.000   1.617349   0.066492   0.021213   0.087705  -0.000000  -0.000000  -6.113712   0.000000   0.000000   55.6000     2.6169
   13.800     0.000   1.634330   0.067870   0.022020   0.089891  -0.000000  -0.000000  -6.183985   0.000000   0.000000   55.6000     2.6169
   14.000     0.000   1.651278   0.069259   0.022902   0.092160  -0.000000  -0.000000  -6.254211   0.000000   0.000000   55.6000     2.6170
   14.200     0.000   1.668193   0.070658   0.023956   0.094613  -0.000000  -0.000000  -6.324380   0.000000   0.000000   55.6000     2.6170
   14.400     0.000   1.685073   0.072066   0.025072   0.097138  -0.000000  -0.000000  -6.394531   0.000000   0.000000   55.6000     2.6171
   14.600     0.000   1.701919   0.073485   0.026448   0.099933  -0.000000  -0.000000  -6.464676   0.000000   0.000000   55.6000     2.6173


