xflr5 v6.59

Plane name :        Volde h = 0
Polar name :        T1-55.6 m/s-VLM1-0.0kg-x0.0m
Freestream speed :  55.600 m/s


   alpha      Beta       CL          CDi        CDv        CD         CY         Cl         Cm         Cn        Cni       QInf        XCP
   -2.000     0.000   0.205213   0.001506   0.005554   0.007060   0.000000  -0.000000  -0.748169  -0.000000  -0.000000   55.6000     2.7748
   -1.800     0.000   0.222568   0.001769   0.005414   0.007183   0.000000  -0.000000  -0.801664  -0.000000  -0.000000   55.6000     2.7405
   -1.600     0.000   0.239920   0.002052   0.005300   0.007353   0.000000  -0.000000  -0.855149  -0.000000  -0.000000   55.6000     2.7112
   -1.400     0.000   0.257267   0.002357   0.005213   0.007571   0.000000  -0.000000  -0.908620  -0.000000  -0.000000   55.6000     2.6859
   -1.200     0.000   0.274609   0.002683   0.005149   0.007833   0.000000  -0.000000  -0.962074  -0.000000  -0.000000   55.6000     2.6637
   -1.000     0.000   0.291946   0.003031   0.005100   0.008130   0.000000  -0.000000  -1.015511  -0.000000  -0.000000   55.6000     2.6443
   -0.800     0.000   0.309277   0.003399   0.005062   0.008461   0.000000  -0.000000  -1.068929  -0.000000  -0.000000   55.6000     2.6270
   -0.600     0.000   0.326602   0.003788   0.005036   0.008825   0.000000  -0.000000  -1.122324  -0.000000  -0.000000   55.6000     2.6116
   -0.400     0.000   0.343921   0.004199   0.005024   0.009223   0.000000  -0.000000  -1.175697  -0.000000  -0.000000   55.6000     2.5977
   -0.200     0.000   0.361233   0.004630   0.005021   0.009651   0.000000  -0.000000  -1.229043  -0.000000  -0.000000   55.6000     2.5852
    0.000     0.000   0.378537   0.005083   0.005021   0.010103   0.000000  -0.000000  -1.282363  -0.000000  -0.000000   55.6000     2.5739
    0.200     0.000   0.395833   0.005556   0.005022   0.010578  -0.000000  -0.000000  -1.335653  -0.000000  -0.000000   55.6000     2.5635
    0.400     0.000   0.413121   0.006050   0.005026   0.011077  -0.000000  -0.000000  -1.388910  -0.000000  -0.000000   55.6000     2.5541
    0.600     0.000   0.430401   0.006565   0.005033   0.011599  -0.000000  -0.000000  -1.442132  -0.000000  -0.000000   55.6000     2.5454
    0.800     0.000   0.447671   0.007101   0.005044   0.012146  -0.000000  -0.000000  -1.495317  -0.000000  -0.000000   55.6000     2.5374
    1.000     0.000   0.464931   0.007658   0.005062   0.012720  -0.000000  -0.000000  -1.548463   0.000000  -0.000000   55.6000     2.5301
    1.200     0.000   0.482182   0.008235   0.005083   0.013318  -0.000000  -0.000000  -1.601566   0.000000  -0.000000   55.6000     2.5233
    1.400     0.000   0.499422   0.008833   0.005102   0.013936  -0.000000  -0.000000  -1.654625   0.000000  -0.000000   55.6000     2.5170
    1.600     0.000   0.516651   0.009452   0.005133   0.014585  -0.000000  -0.000000  -1.707636   0.000000   0.000000   55.6000     2.5111
    1.800     0.000   0.533869   0.010091   0.005164   0.015256  -0.000000  -0.000000  -1.760597   0.000000   0.000000   55.6000     2.5056
    2.000     0.000   0.551076   0.010751   0.005206   0.015957  -0.000000  -0.000000  -1.813505   0.000000   0.000000   55.6000     2.5005
    2.200     0.000   0.568270   0.011431   0.005264   0.016694  -0.000000  -0.000000  -1.866359   0.000000   0.000000   55.6000     2.4958
    2.400     0.000   0.585451   0.012131   0.005353   0.017484  -0.000000  -0.000000  -1.919156   0.000000   0.000000   55.6000     2.4913
    2.600     0.000   0.602620   0.012852   0.005474   0.018326  -0.000000  -0.000000  -1.971894   0.000000   0.000000   55.6000     2.4871
    2.800     0.000   0.619775   0.013593   0.005615   0.019208  -0.000000  -0.000000  -2.024571   0.000000   0.000000   55.6000     2.4832
    3.000     0.000   0.636916   0.014354   0.005759   0.020113  -0.000000  -0.000000  -2.077182   0.000000   0.000000   55.6000     2.4795
    3.200     0.000   0.654043   0.015135   0.005908   0.021043  -0.000000  -0.000000  -2.129726   0.000000   0.000000   55.6000     2.4760
    3.400     0.000   0.671156   0.015936   0.006068   0.022004  -0.000000  -0.000000  -2.182202   0.000000   0.000000   55.6000     2.4727
    3.600     0.000   0.688253   0.016757   0.006232   0.022989  -0.000000  -0.000000  -2.234606   0.000000   0.000000   55.6000     2.4696
    3.800     0.000   0.705335   0.017598   0.006394   0.023991  -0.000000  -0.000000  -2.286936   0.000000   0.000000   55.6000     2.4667
    4.000     0.000   0.722401   0.018458   0.006547   0.025006  -0.000000  -0.000000  -2.339190   0.000000   0.000000   55.6000     2.4640
    4.200     0.000   0.739450   0.019338   0.006708   0.026046  -0.000000  -0.000000  -2.391371   0.000000   0.000000   55.6000     2.4614
    4.400     0.000   0.756483   0.020238   0.006879   0.027117  -0.000000  -0.000000  -2.443478   0.000000   0.000000   55.6000     2.4589
    4.600     0.000   0.773499   0.021157   0.007065   0.028223  -0.000000  -0.000000  -2.495513   0.000000   0.000000   55.6000     2.4566
    4.800     0.000   0.790497   0.022096   0.007262   0.029357  -0.000000  -0.000000  -2.547472   0.000000   0.000000   55.6000     2.4544
    5.000     0.000   0.807477   0.023053   0.007466   0.030520  -0.000000  -0.000000  -2.599348   0.000000   0.000000   55.6000     2.4523
    5.200     0.000   0.824438   0.024030   0.007674   0.031704  -0.000000  -0.000000  -2.651138   0.000000   0.000000   55.6000     2.4504
    5.400     0.000   0.841381   0.025026   0.007888   0.032915  -0.000000  -0.000000  -2.702839   0.000000   0.000000   55.6000     2.4485
    5.600     0.000   0.858305   0.026041   0.008102   0.034143  -0.000000  -0.000000  -2.754446   0.000000   0.000000   55.6000     2.4467
    5.800     0.000   0.875209   0.027075   0.008312   0.035387  -0.000000  -0.000000  -2.805959   0.000000   0.000000   55.6000     2.4451
    6.000     0.000   0.892092   0.028127   0.008511   0.036639  -0.000000  -0.000000  -2.857373   0.000000   0.000000   55.6000     2.4435
    6.200     0.000   0.908956   0.029199   0.008704   0.037903  -0.000000  -0.000000  -2.908682   0.000000   0.000000   55.6000     2.4420
    6.400     0.000   0.925798   0.030288   0.008891   0.039179  -0.000000  -0.000000  -2.959884   0.000000   0.000000   55.6000     2.4406
    6.600     0.000   0.942620   0.031396   0.009071   0.040467  -0.000000  -0.000000  -3.010977   0.000000   0.000000   55.6000     2.4392
    6.800     0.000   0.959419   0.032522   0.009260   0.041783  -0.000000  -0.000000  -3.061960   0.000000   0.000000   55.6000     2.4380
    7.000     0.000   0.976197   0.033667   0.009439   0.043106  -0.000000  -0.000000  -3.112827   0.000000   0.000000   55.6000     2.4368
    7.200     0.000   0.992952   0.034829   0.009625   0.044455  -0.000000  -0.000000  -3.163577   0.000000   0.000000   55.6000     2.4356
    7.400     0.000   1.009685   0.036010   0.009808   0.045817  -0.000000  -0.000000  -3.214208   0.000000   0.000000   55.6000     2.4346
    7.600     0.000   1.026394   0.037208   0.009996   0.047204  -0.000000  -0.000000  -3.264717   0.000000   0.000000   55.6000     2.4336
    7.800     0.000   1.043079   0.038424   0.010183   0.048607  -0.000000  -0.000000  -3.315103   0.000000   0.000000   55.6000     2.4326
    8.000     0.000   1.059740   0.039657   0.010376   0.050033  -0.000000  -0.000000  -3.365365   0.000000   0.000000   55.6000     2.4317
    8.200     0.000   1.076377   0.040908   0.010573   0.051480  -0.000000  -0.000000  -3.415500   0.000000   0.000000   55.6000     2.4309
    8.400     0.000   1.092990   0.042176   0.010764   0.052939  -0.000000  -0.000000  -3.465507   0.000000   0.000000   55.6000     2.4301
    8.600     0.000   1.109577   0.043461   0.010961   0.054422  -0.000000  -0.000000  -3.515377   0.000000   0.000000   55.6000     2.4293
    8.800     0.000   1.126138   0.044763   0.011178   0.055941  -0.000000  -0.000000  -3.565114   0.000000   0.000000   55.6000     2.4287
    9.000     0.000   1.142673   0.046081   0.011381   0.057463  -0.000000  -0.000000  -3.614707   0.000000   0.000000   55.6000     2.4280
    9.200     0.000   1.159182   0.047417   0.011586   0.059003  -0.000000  -0.000000  -3.664160   0.000000   0.000000   55.6000     2.4274
    9.400     0.000   1.175665   0.048769   0.011808   0.060577  -0.000000  -0.000000  -3.713474   0.000000   0.000000   55.6000     2.4269
    9.600     0.000   1.192120   0.050137   0.012045   0.062182  -0.000000  -0.000000  -3.762639   0.000000   0.000000   55.6000     2.4263
    9.800     0.000   1.208548   0.051522   0.012289   0.063811  -0.000000  -0.000000  -3.811657   0.000000   0.000000   55.6000     2.4259
   10.000     0.000   1.224948   0.052923   0.012526   0.065449  -0.000000  -0.000000  -3.860530   0.000000   0.000000   55.6000     2.4254
   10.200     0.000   1.241319   0.054339   0.012768   0.067107  -0.000000  -0.000000  -3.909247   0.000000   0.000000   55.6000     2.4250
   10.400     0.000   1.257662   0.055772   0.013025   0.068797  -0.000000  -0.000000  -3.957812   0.000000   0.000000   55.6000     2.4247
   10.600     0.000   1.273976   0.057220   0.013310   0.070530  -0.000000  -0.000000  -4.006226   0.000000   0.000000   55.6000     2.4243
   10.800     0.000   1.290261   0.058683   0.013614   0.072297  -0.000000  -0.000000  -4.054481   0.000000   0.000000   55.6000     2.4240
   11.000     0.000   1.306516   0.060162   0.013910   0.074071  -0.000000  -0.000000  -4.102578   0.000000   0.000000   55.6000     2.4238
   11.200     0.000   1.322741   0.061655   0.014212   0.075868  -0.000000  -0.000000  -4.150517   0.000000   0.000000   55.6000     2.4236
   11.400     0.000   1.338935   0.063164   0.014526   0.077690  -0.000000  -0.000000  -4.198289   0.000000   0.000000   55.6000     2.4234
   11.600     0.000   1.355099   0.064688   0.014865   0.079553  -0.000000  -0.000000  -4.245897   0.000000   0.000000   55.6000     2.4232
   11.800     0.000   1.371232   0.066226   0.015247   0.081472  -0.000000  -0.000000  -4.293344   0.000000   0.000000   55.6000     2.4231
   12.000     0.000   1.387333   0.067778   0.015627   0.083405  -0.000000  -0.000000  -4.340615   0.000000   0.000000   55.6000     2.4229
   12.200     0.000   1.403402   0.069345   0.016003   0.085348  -0.000000  -0.000000  -4.387711   0.000000   0.000000   55.6000     2.4229
   12.400     0.000   1.419439   0.070926   0.016413   0.087339  -0.000000  -0.000000  -4.434642   0.000000   0.000000   55.6000     2.4228
   12.600     0.000   1.435443   0.072521   0.016883   0.089404  -0.000000  -0.000000  -4.481409   0.000000   0.000000   55.6000     2.4228
   12.800     0.000   1.451414   0.074129   0.017368   0.091497  -0.000000  -0.000000  -4.527998   0.000000   0.000000   55.6000     2.4228
   13.000     0.000   1.467352   0.075751   0.017859   0.093610  -0.000000  -0.000000  -4.574399   0.000000   0.000000   55.6000     2.4228
   13.200     0.000   1.483257   0.077386   0.018432   0.095818  -0.000000  -0.000000  -4.620624   0.000000   0.000000   55.6000     2.4229
   13.400     0.000   1.499127   0.079035   0.019045   0.098080  -0.000000  -0.000000  -4.666670   0.000000   0.000000   55.6000     2.4230
   13.600     0.000   1.514964   0.080696   0.019768   0.100465  -0.000000  -0.000000  -4.712541   0.000000   0.000000   55.6000     2.4231
   13.800     0.000   1.530765   0.082371   0.020554   0.102924  -0.000000  -0.000000  -4.758237   0.000000   0.000000   55.6000     2.4232
   14.000     0.000   1.546532   0.084058   0.021505   0.105562  -0.000000  -0.000000  -4.803757   0.000000   0.000000   55.6000     2.4233
   14.200     0.000   1.562263   0.085757   0.022517   0.108274  -0.000000  -0.000000  -4.849080   0.000000   0.000000   55.6000     2.4235
   14.400     0.000   1.577959   0.087468   0.023818   0.111287  -0.000000  -0.000000  -4.894224   0.000000   0.000000   55.6000     2.4237


