xflr5 v6.59

Plane name :        Volde h = 0.75
Polar name :        T1-55.6 m/s-VLM1-0.0kg-x0.0m
Freestream speed :  55.600 m/s


   alpha      Beta       CL          CDi        CDv        CD         CY         Cl         Cm         Cn        Cni       QInf        XCP
   -2.000     0.000   0.211575   0.001415   0.005489   0.006904   0.000000  -0.000000  -0.785031  -0.000000  -0.000000   55.6000     2.8456
   -1.800     0.000   0.229440   0.001661   0.005350   0.007010   0.000000  -0.000000  -0.842150  -0.000000  -0.000000   55.6000     2.8121
   -1.600     0.000   0.247301   0.001926   0.005242   0.007168   0.000000  -0.000000  -0.899304  -0.000000  -0.000000   55.6000     2.7835
   -1.400     0.000   0.265157   0.002211   0.005162   0.007374   0.000000  -0.000000  -0.956489  -0.000000  -0.000000   55.6000     2.7588
   -1.200     0.000   0.283008   0.002517   0.005104   0.007621   0.000000  -0.000000  -1.013705  -0.000000  -0.000000   55.6000     2.7372
   -1.000     0.000   0.300855   0.002841   0.005060   0.007901   0.000000  -0.000000  -1.070948  -0.000000  -0.000000   55.6000     2.7182
   -0.800     0.000   0.318695   0.003186   0.005029   0.008215   0.000000  -0.000000  -1.128215  -0.000000  -0.000000   55.6000     2.7013
   -0.600     0.000   0.336530   0.003550   0.005012   0.008562   0.000000  -0.000000  -1.185503  -0.000000  -0.000000   55.6000     2.6863
   -0.400     0.000   0.354357   0.003934   0.005007   0.008940   0.000000  -0.000000  -1.242814  -0.000000  -0.000000   55.6000     2.6727
   -0.200     0.000   0.372178   0.004337   0.005008   0.009345   0.000000  -0.000000  -1.300147  -0.000000  -0.000000   55.6000     2.6605
    0.000     0.000   0.389992   0.004760   0.005009   0.009769   0.000000  -0.000000  -1.357507  -0.000000  -0.000000   55.6000     2.6495
    0.200     0.000   0.407798   0.005203   0.005013   0.010216   0.000000  -0.000000  -1.414889  -0.000000  -0.000000   55.6000     2.6394
    0.400     0.000   0.425595   0.005665   0.005021   0.010686   0.000000  -0.000000  -1.472289  -0.000000  -0.000000   55.6000     2.6301
    0.600     0.000   0.443384   0.006146   0.005032   0.011179   0.000000  -0.000000  -1.529704  -0.000000  -0.000000   55.6000     2.6217
    0.800     0.000   0.461164   0.006647   0.005045   0.011692   0.000000  -0.000000  -1.587133  -0.000000  -0.000000   55.6000     2.6139
    1.000     0.000   0.478935   0.007168   0.005064   0.012232   0.000000  -0.000000  -1.644574  -0.000000  -0.000000   55.6000     2.6067
    1.200     0.000   0.496695   0.007707   0.005086   0.012793   0.000000  -0.000000  -1.702024  -0.000000  -0.000000   55.6000     2.6000
    1.400     0.000   0.514445   0.008266   0.005107   0.013373   0.000000  -0.000000  -1.759480  -0.000000  -0.000000   55.6000     2.5939
    1.600     0.000   0.532185   0.008844   0.005140   0.013984   0.000000  -0.000000  -1.816940  -0.000000  -0.000000   55.6000     2.5881
    1.800     0.000   0.549913   0.009442   0.005173   0.014615   0.000000  -0.000000  -1.874400  -0.000000  -0.000000   55.6000     2.5828
    2.000     0.000   0.567630   0.010058   0.005218   0.015276   0.000000  -0.000000  -1.931858  -0.000000  -0.000000   55.6000     2.5778
    2.200     0.000   0.585335   0.010694   0.005278   0.015972   0.000000  -0.000000  -1.989312  -0.000000  -0.000000   55.6000     2.5731
    2.400     0.000   0.603027   0.011348   0.005371   0.016719   0.000000  -0.000000  -2.046758   0.000000  -0.000000   55.6000     2.5687
    2.600     0.000   0.620707   0.012021   0.005495   0.017516   0.000000  -0.000000  -2.104193   0.000000  -0.000000   55.6000     2.5646
    2.800     0.000   0.638373   0.012714   0.005637   0.018351   0.000000  -0.000000  -2.161616   0.000000   0.000000   55.6000     2.5608
    3.000     0.000   0.656026   0.013425   0.005784   0.019209   0.000000  -0.000000  -2.219023   0.000000  -0.000000   55.6000     2.5572
    3.200     0.000   0.673664   0.014155   0.005939   0.020094   0.000000  -0.000000  -2.276410   0.000000   0.000000   55.6000     2.5538
    3.400     0.000   0.691288   0.014903   0.006102   0.021005   0.000000  -0.000000  -2.333776   0.000000   0.000000   55.6000     2.5505
    3.600     0.000   0.708898   0.015670   0.006273   0.021943   0.000000  -0.000000  -2.391117   0.000000   0.000000   55.6000     2.5475
    3.800     0.000   0.726492   0.016456   0.006447   0.022903   0.000000  -0.000000  -2.448428   0.000000   0.000000   55.6000     2.5447
    4.000     0.000   0.744070   0.017260   0.006621   0.023880   0.000000  -0.000000  -2.505703   0.000000   0.000000   55.6000     2.5420
    4.200     0.000   0.761632   0.018082   0.006817   0.024899  -0.000000  -0.000000  -2.562936   0.000000   0.000000   55.6000     2.5394
    4.400     0.000   0.779177   0.018922   0.007029   0.025951  -0.000000  -0.000000  -2.620127   0.000000   0.000000   55.6000     2.5370
    4.600     0.000   0.796706   0.019781   0.007252   0.027033  -0.000000  -0.000000  -2.677277   0.000000   0.000000   55.6000     2.5347
    4.800     0.000   0.814217   0.020658   0.007477   0.028135  -0.000000  -0.000000  -2.734388   0.000000   0.000000   55.6000     2.5325
    5.000     0.000   0.831711   0.021553   0.007703   0.029255  -0.000000  -0.000000  -2.791461   0.000000   0.000000   55.6000     2.5305
    5.200     0.000   0.849186   0.022465   0.007928   0.030393  -0.000000  -0.000000  -2.848494   0.000000   0.000000   55.6000     2.5286
    5.400     0.000   0.866643   0.023396   0.008160   0.031556  -0.000000  -0.000000  -2.905482   0.000000   0.000000   55.6000     2.5267
    5.600     0.000   0.884081   0.024344   0.008391   0.032735  -0.000000  -0.000000  -2.962423   0.000000   0.000000   55.6000     2.5250
    5.800     0.000   0.901500   0.025309   0.008614   0.033923  -0.000000  -0.000000  -3.019316   0.000000   0.000000   55.6000     2.5233
    6.000     0.000   0.918899   0.026293   0.008817   0.035109  -0.000000  -0.000000  -3.076160   0.000000   0.000000   55.6000     2.5218
    6.200     0.000   0.936277   0.027293   0.009013   0.036306  -0.000000  -0.000000  -3.132950   0.000000   0.000000   55.6000     2.5203
    6.400     0.000   0.953636   0.028311   0.009205   0.037516  -0.000000  -0.000000  -3.189682   0.000000   0.000000   55.6000     2.5189
    6.600     0.000   0.970973   0.029346   0.009389   0.038735  -0.000000  -0.000000  -3.246354   0.000000   0.000000   55.6000     2.5176
    6.800     0.000   0.988289   0.030398   0.009580   0.039978  -0.000000  -0.000000  -3.302963   0.000000   0.000000   55.6000     2.5163
    7.000     0.000   1.005583   0.031467   0.009760   0.041227  -0.000000  -0.000000  -3.359506   0.000000   0.000000   55.6000     2.5151
    7.200     0.000   1.022855   0.032553   0.009948   0.042501  -0.000000  -0.000000  -3.415980   0.000000   0.000000   55.6000     2.5140
    7.400     0.000   1.040105   0.033655   0.010132   0.043788  -0.000000  -0.000000  -3.472382   0.000000   0.000000   55.6000     2.5129
    7.600     0.000   1.057331   0.034775   0.010326   0.045101  -0.000000  -0.000000  -3.528708   0.000000   0.000000   55.6000     2.5119
    7.800     0.000   1.074535   0.035910   0.010523   0.046433  -0.000000  -0.000000  -3.584956   0.000000   0.000000   55.6000     2.5110
    8.000     0.000   1.091714   0.037062   0.010726   0.047788  -0.000000  -0.000000  -3.641123   0.000000   0.000000   55.6000     2.5101
    8.200     0.000   1.108870   0.038230   0.010926   0.049156  -0.000000  -0.000000  -3.697207   0.000000   0.000000   55.6000     2.5093
    8.400     0.000   1.126001   0.039415   0.011119   0.050534  -0.000000  -0.000000  -3.753204   0.000000   0.000000   55.6000     2.5085
    8.600     0.000   1.143108   0.040615   0.011317   0.051932  -0.000000  -0.000000  -3.809113   0.000000   0.000000   55.6000     2.5077
    8.800     0.000   1.160189   0.041831   0.011534   0.053365  -0.000000  -0.000000  -3.864929   0.000000   0.000000   55.6000     2.5070
    9.000     0.000   1.177244   0.043063   0.011743   0.054806  -0.000000  -0.000000  -3.920650   0.000000   0.000000   55.6000     2.5064
    9.200     0.000   1.194274   0.044310   0.011949   0.056259  -0.000000  -0.000000  -3.976273   0.000000   0.000000   55.6000     2.5058
    9.400     0.000   1.211278   0.045573   0.012171   0.057744  -0.000000  -0.000000  -4.031796   0.000000   0.000000   55.6000     2.5052
    9.600     0.000   1.228254   0.046851   0.012415   0.059266  -0.000000  -0.000000  -4.087218   0.000000   0.000000   55.6000     2.5047
    9.800     0.000   1.245204   0.048144   0.012664   0.060808  -0.000000  -0.000000  -4.142533   0.000000   0.000000   55.6000     2.5042
   10.000     0.000   1.262126   0.049452   0.012906   0.062358  -0.000000  -0.000000  -4.197740   0.000000   0.000000   55.6000     2.5037
   10.200     0.000   1.279020   0.050775   0.013158   0.063934  -0.000000  -0.000000  -4.252836   0.000000   0.000000   55.6000     2.5033
   10.400     0.000   1.295886   0.052113   0.013425   0.065538  -0.000000  -0.000000  -4.307820   0.000000   0.000000   55.6000     2.5029
   10.600     0.000   1.312724   0.053465   0.013724   0.067189  -0.000000  -0.000000  -4.362690   0.000000   0.000000   55.6000     2.5026
   10.800     0.000   1.329533   0.054832   0.014042   0.068874  -0.000000  -0.000000  -4.417442   0.000000   0.000000   55.6000     2.5023
   11.000     0.000   1.346312   0.056213   0.014350   0.070563  -0.000000  -0.000000  -4.472073   0.000000   0.000000   55.6000     2.5020
   11.200     0.000   1.363062   0.057608   0.014669   0.072277  -0.000000  -0.000000  -4.526583   0.000000   0.000000   55.6000     2.5017
   11.400     0.000   1.379782   0.059017   0.015000   0.074017  -0.000000  -0.000000  -4.580967   0.000000   0.000000   55.6000     2.5015
   11.600     0.000   1.396471   0.060440   0.015356   0.075795  -0.000000  -0.000000  -4.635224   0.000000   0.000000   55.6000     2.5013
   11.800     0.000   1.413130   0.061876   0.015756   0.077632  -0.000000  -0.000000  -4.689354   0.000000   0.000000   55.6000     2.5012
   12.000     0.000   1.429758   0.063326   0.016163   0.079490  -0.000000  -0.000000  -4.743353   0.000000   0.000000   55.6000     2.5010
   12.200     0.000   1.446354   0.064789   0.016571   0.081361  -0.000000  -0.000000  -4.797218   0.000000   0.000000   55.6000     2.5009
   12.400     0.000   1.462918   0.066266   0.017001   0.083267  -0.000000  -0.000000  -4.850943   0.000000   0.000000   55.6000     2.5008
   12.600     0.000   1.479451   0.067755   0.017485   0.085240  -0.000000  -0.000000  -4.904531   0.000000   0.000000   55.6000     2.5008
   12.800     0.000   1.495951   0.069257   0.017986   0.087243  -0.000000  -0.000000  -4.957978   0.000000   0.000000   55.6000     2.5008
   13.000     0.000   1.512418   0.070772   0.018507   0.089279  -0.000000  -0.000000  -5.011284   0.000000   0.000000   55.6000     2.5008
   13.200     0.000   1.528852   0.072299   0.019115   0.091414  -0.000000  -0.000000  -5.064451   0.000000   0.000000   55.6000     2.5008
   13.400     0.000   1.545253   0.073839   0.019764   0.093603  -0.000000  -0.000000  -5.117473   0.000000   0.000000   55.6000     2.5008
   13.600     0.000   1.561620   0.075390   0.020517   0.095907  -0.000000  -0.000000  -5.170346   0.000000   0.000000   55.6000     2.5009
   13.800     0.000   1.577952   0.076954   0.021323   0.098277  -0.000000  -0.000000  -5.223067   0.000000   0.000000   55.6000     2.5010
   14.000     0.000   1.594251   0.078529   0.022296   0.100825  -0.000000  -0.000000  -5.275643   0.000000   0.000000   55.6000     2.5011
   14.200     0.000   1.610514   0.080116   0.023345   0.103461  -0.000000  -0.000000  -5.328069   0.000000   0.000000   55.6000     2.5012
   14.400     0.000   1.626742   0.081714   0.024701   0.106415  -0.000000  -0.000000  -5.380359   0.000000   0.000000   55.6000     2.5014


