xflr5 v6.59

Plane name :        Volde h = 2.2
Polar name :        T1-55.6 m/s-VLM1-0.0kg-x0.0m
Freestream speed :  55.600 m/s


   alpha      Beta       CL          CDi        CDv        CD         CY         Cl         Cm         Cn        Cni       QInf        XCP
   -2.000     0.000   0.217191   0.001303   0.005436   0.006739  -0.000000   0.000000  -0.814765   0.000000   0.000000   55.6000     2.9186
   -1.800     0.000   0.235499   0.001529   0.005297   0.006826  -0.000000   0.000000  -0.875659   0.000000   0.000000   55.6000     2.8862
   -1.600     0.000   0.253804   0.001772   0.005192   0.006964  -0.000000   0.000000  -0.936682   0.000000   0.000000   55.6000     2.8585
   -1.400     0.000   0.272103   0.002034   0.005115   0.007148  -0.000000   0.000000  -0.997833   0.000000   0.000000   55.6000     2.8345
   -1.200     0.000   0.290399   0.002314   0.005062   0.007376  -0.000000   0.000000  -1.059109   0.000000   0.000000   55.6000     2.8135
   -1.000     0.000   0.308688   0.002612   0.005028   0.007639  -0.000000   0.000000  -1.120496   0.000000   0.000000   55.6000     2.7951
   -0.800     0.000   0.326973   0.002927   0.005008   0.007935  -0.000000   0.000000  -1.181999   0.000000   0.000000   55.6000     2.7787
   -0.600     0.000   0.345251   0.003261   0.005000   0.008261  -0.000000   0.000000  -1.243624   0.000000   0.000000   55.6000     2.7641
   -0.400     0.000   0.363523   0.003613   0.005000   0.008613  -0.000000   0.000000  -1.305382   0.000000   0.000000   55.6000     2.7509
   -0.200     0.000   0.381788   0.003983   0.005001   0.008984  -0.000000   0.000000  -1.367286   0.000000   0.000000   55.6000     2.7391
    0.000     0.000   0.400046   0.004370   0.005005   0.009375  -0.000000   0.000000  -1.429320   0.000000   0.000000   55.6000     2.7283
    0.200     0.000   0.418296   0.004776   0.005014   0.009789  -0.000000   0.000000  -1.491486   0.000000   0.000000   55.6000     2.7185
    0.400     0.000   0.436538   0.005199   0.005024   0.010223  -0.000000   0.000000  -1.553782   0.000000   0.000000   55.6000     2.7095
    0.600     0.000   0.454771   0.005640   0.005037   0.010677  -0.000000   0.000000  -1.616207   0.000000   0.000000   55.6000     2.7013
    0.800     0.000   0.472996   0.006099   0.005050   0.011150  -0.000000   0.000000  -1.678760   0.000000   0.000000   55.6000     2.6937
    1.000     0.000   0.491211   0.006576   0.005070   0.011646  -0.000000   0.000000  -1.741436  -0.000000  -0.000000   55.6000     2.6867
    1.200     0.000   0.509417   0.007070   0.005094   0.012164  -0.000000   0.000000  -1.804230  -0.000000  -0.000000   55.6000     2.6803
    1.400     0.000   0.527613   0.007582   0.005116   0.012699  -0.000000   0.000000  -1.867142  -0.000000  -0.000000   55.6000     2.6743
    1.600     0.000   0.545798   0.008112   0.005150   0.013262  -0.000000   0.000000  -1.930168  -0.000000  -0.000000   55.6000     2.6687
    1.800     0.000   0.563972   0.008659   0.005184   0.013843  -0.000000   0.000000  -1.993309  -0.000000  -0.000000   55.6000     2.6635
    2.000     0.000   0.582135   0.009224   0.005228   0.014452  -0.000000   0.000000  -2.056554  -0.000000  -0.000000   55.6000     2.6586
    2.200     0.000   0.600286   0.009806   0.005291   0.015096  -0.000000   0.000000  -2.119897  -0.000000  -0.000000   55.6000     2.6541
    2.400     0.000   0.618425   0.010405   0.005379   0.015784  -0.000000   0.000000  -2.183346  -0.000000  -0.000000   55.6000     2.6498
    2.600     0.000   0.636551   0.011022   0.005498   0.016520  -0.000000   0.000000  -2.246896  -0.000000  -0.000000   55.6000     2.6458
    2.800     0.000   0.654665   0.011656   0.005647   0.017303  -0.000000   0.000000  -2.310526  -0.000000  -0.000000   55.6000     2.6420
    3.000     0.000   0.672765   0.012307   0.005802   0.018109  -0.000000   0.000000  -2.374250  -0.000000  -0.000000   55.6000     2.6385
    3.200     0.000   0.690851   0.012975   0.005966   0.018941  -0.000000   0.000000  -2.438052  -0.000000  -0.000000   55.6000     2.6352
    3.400     0.000   0.708923   0.013661   0.006147   0.019808  -0.000000   0.000000  -2.501916  -0.000000  -0.000000   55.6000     2.6321
    3.600     0.000   0.726981   0.014363   0.006356   0.020719  -0.000000   0.000000  -2.565813  -0.000000  -0.000000   55.6000     2.6291
    3.800     0.000   0.745023   0.015083   0.006591   0.021673  -0.000000   0.000000  -2.629724  -0.000000  -0.000000   55.6000     2.6263
    4.000     0.000   0.763051   0.015819   0.006837   0.022656  -0.000000   0.000000  -2.693661  -0.000000  -0.000000   55.6000     2.6237
    4.200     0.000   0.781062   0.016572   0.007088   0.023660  -0.000000   0.000000  -2.757657  -0.000000  -0.000000   55.6000     2.6212
    4.400     0.000   0.799058   0.017341   0.007336   0.024677  -0.000000   0.000000  -2.821729  -0.000000  -0.000000   55.6000     2.6188
    4.600     0.000   0.817037   0.018127   0.007577   0.025704  -0.000000   0.000000  -2.885878  -0.000000  -0.000000   55.6000     2.6166
    4.800     0.000   0.834999   0.018930   0.007813   0.026743  -0.000000   0.000000  -2.950099  -0.000000  -0.000000   55.6000     2.6145
    5.000     0.000   0.852943   0.019749   0.008049   0.027798  -0.000000   0.000000  -3.014382  -0.000000  -0.000000   55.6000     2.6125
    5.200     0.000   0.870870   0.020585   0.008281   0.028866  -0.000000   0.000000  -3.078740  -0.000000  -0.000000   55.6000     2.6106
    5.400     0.000   0.888779   0.021437   0.008509   0.029946  -0.000000   0.000000  -3.143183  -0.000000  -0.000000   55.6000     2.6088
    5.600     0.000   0.906669   0.022305   0.008730   0.031035  -0.000000   0.000000  -3.207705  -0.000000  -0.000000   55.6000     2.6070
    5.800     0.000   0.924541   0.023189   0.008939   0.032128  -0.000000   0.000000  -3.272289  -0.000000  -0.000000   55.6000     2.6054
    6.000     0.000   0.942393   0.024089   0.009138   0.033228  -0.000000   0.000000  -3.336934  -0.000000  -0.000000   55.6000     2.6039
    6.200     0.000   0.960225   0.025005   0.009324   0.034329  -0.000000   0.000000  -3.401640  -0.000000  -0.000000   55.6000     2.6024
    6.400     0.000   0.978038   0.025937   0.009510   0.035447  -0.000000   0.000000  -3.466401  -0.000000  -0.000000   55.6000     2.6010
    6.600     0.000   0.995830   0.026885   0.009683   0.036568  -0.000000   0.000000  -3.531214  -0.000000  -0.000000   55.6000     2.5997
    6.800     0.000   1.013601   0.027848   0.009866   0.037714  -0.000000   0.000000  -3.596066  -0.000000  -0.000000   55.6000     2.5985
    7.000     0.000   1.031351   0.028826   0.010050   0.038876  -0.000000   0.000000  -3.660948  -0.000000  -0.000000   55.6000     2.5973
    7.200     0.000   1.049079   0.029820   0.010241   0.040061  -0.000000   0.000000  -3.725858  -0.000000  -0.000000   55.6000     2.5962
    7.400     0.000   1.066786   0.030830   0.010434   0.041263  -0.000000   0.000000  -3.790806  -0.000000  -0.000000   55.6000     2.5951
    7.600     0.000   1.084470   0.031854   0.010626   0.042480  -0.000000   0.000000  -3.855785  -0.000000  -0.000000   55.6000     2.5941
    7.800     0.000   1.102131   0.032894   0.010819   0.043713  -0.000000   0.000000  -3.920804  -0.000000  -0.000000   55.6000     2.5932
    8.000     0.000   1.119769   0.033948   0.011006   0.044954  -0.000000   0.000000  -3.985850  -0.000000  -0.000000   55.6000     2.5923
    8.200     0.000   1.137384   0.035018   0.011205   0.046223  -0.000000   0.000000  -4.050909  -0.000000  -0.000000   55.6000     2.5915
    8.400     0.000   1.154975   0.036102   0.011389   0.047491  -0.000000   0.000000  -4.115995  -0.000000  -0.000000   55.6000     2.5907
    8.600     0.000   1.172541   0.037201   0.011579   0.048780  -0.000000   0.000000  -4.181087  -0.000000  -0.000000   55.6000     2.5899
    8.800     0.000   1.190083   0.038314   0.011791   0.050105  -0.000000   0.000000  -4.246182  -0.000000  -0.000000   55.6000     2.5892
    9.000     0.000   1.207600   0.039441   0.012006   0.051447  -0.000000   0.000000  -4.311285  -0.000000  -0.000000   55.6000     2.5886
    9.200     0.000   1.225092   0.040583   0.012220   0.052803  -0.000000   0.000000  -4.376379  -0.000000  -0.000000   55.6000     2.5879
    9.400     0.000   1.242558   0.041739   0.012444   0.054183  -0.000000   0.000000  -4.441471  -0.000000  -0.000000   55.6000     2.5874
    9.600     0.000   1.259998   0.042909   0.012692   0.055600  -0.000000   0.000000  -4.506549  -0.000000  -0.000000   55.6000     2.5868
    9.800     0.000   1.277411   0.044092   0.012960   0.057053  -0.000000   0.000000  -4.571615  -0.000000  -0.000000   55.6000     2.5863
   10.000     0.000   1.294798   0.045290   0.013221   0.058511  -0.000000   0.000000  -4.636670  -0.000000  -0.000000   55.6000     2.5859
   10.200     0.000   1.312158   0.046501   0.013490   0.059991  -0.000000   0.000000  -4.701698  -0.000000  -0.000000   55.6000     2.5854
   10.400     0.000   1.329490   0.047725   0.013771   0.061497  -0.000000   0.000000  -4.766707  -0.000000  -0.000000   55.6000     2.5850
   10.600     0.000   1.346794   0.048963   0.014070   0.063033  -0.000000   0.000000  -4.831698  -0.000000  -0.000000   55.6000     2.5847
   10.800     0.000   1.364070   0.050214   0.014402   0.064616  -0.000000   0.000000  -4.896658  -0.000000  -0.000000   55.6000     2.5843
   11.000     0.000   1.381317   0.051478   0.014746   0.066225  -0.000000   0.000000  -4.961580  -0.000000  -0.000000   55.6000     2.5840
   11.200     0.000   1.398536   0.052755   0.015083   0.067838  -0.000000   0.000000  -5.026473  -0.000000  -0.000000   55.6000     2.5837
   11.400     0.000   1.415725   0.054045   0.015425   0.069470  -0.000000   0.000000  -5.091340  -0.000000  -0.000000   55.6000     2.5835
   11.600     0.000   1.432884   0.055347   0.015785   0.071132  -0.000000   0.000000  -5.156169  -0.000000  -0.000000   55.6000     2.5833
   11.800     0.000   1.450014   0.056662   0.016184   0.072846  -0.000000   0.000000  -5.220951  -0.000000  -0.000000   55.6000     2.5831
   12.000     0.000   1.467113   0.057989   0.016621   0.074610  -0.000000   0.000000  -5.285679  -0.000000  -0.000000   55.6000     2.5829
   12.200     0.000   1.484182   0.059328   0.017058   0.076387  -0.000000   0.000000  -5.350349  -0.000000  -0.000000   55.6000     2.5828
   12.400     0.000   1.501219   0.060679   0.017503   0.078182  -0.000000   0.000000  -5.414977  -0.000000  -0.000000   55.6000     2.5827
   12.600     0.000   1.518225   0.062043   0.017984   0.080027  -0.000000   0.000000  -5.479559  -0.000000  -0.000000   55.6000     2.5826
   12.800     0.000   1.535200   0.063417   0.018520   0.081937  -0.000000   0.000000  -5.544084  -0.000000  -0.000000   55.6000     2.5825
   13.000     0.000   1.552142   0.064804   0.019059   0.083863  -0.000000   0.000000  -5.608543  -0.000000  -0.000000   55.6000     2.5825
   13.200     0.000   1.569053   0.066202   0.019648   0.085850  -0.000000   0.000000  -5.672931  -0.000000  -0.000000   55.6000     2.5825
   13.400     0.000   1.585930   0.067611   0.020329   0.087939  -0.000000   0.000000  -5.737241  -0.000000  -0.000000   55.6000     2.5825
   13.600     0.000   1.602774   0.069031   0.021051   0.090082  -0.000000   0.000000  -5.801493  -0.000000  -0.000000   55.6000     2.5825
   13.800     0.000   1.619585   0.070462   0.021878   0.092340  -0.000000   0.000000  -5.865687  -0.000000  -0.000000   55.6000     2.5826
   14.000     0.000   1.636363   0.071904   0.022790   0.094693  -0.000000   0.000000  -5.929811  -0.000000  -0.000000   55.6000     2.5826
   14.200     0.000   1.653106   0.073356   0.023834   0.097189  -0.000000   0.000000  -5.993863  -0.000000  -0.000000   55.6000     2.5827
   14.400     0.000   1.669815   0.074819   0.025010   0.099828  -0.000000   0.000000  -6.057830   0.000000  -0.000000   55.6000     2.5828


