-4.800000000000000000e+02 -4.488807800000001293e+02 0.000000000000000000e+00
-4.706038115495272223e+02 -5.128517789600068681e+02 4.630167410950669193e+00
-4.625443358220238110e+02 -5.752258763221460640e+02 8.037870501022236880e+00
-4.557534195909667005e+02 -6.359946324904240100e+02 1.025425290074928597e+01
-4.501632866810103906e+02 -6.951504099172157112e+02 1.131102323785427899e+01
-4.457095403384919905e+02 -7.526880092554074508e+02 1.123925891889140871e+01
-4.423250759102822940e+02 -8.086011253400689611e+02 1.007179943206200790e+01
-4.399495058796636044e+02 -8.628905869926070409e+02 7.841291115493334019e+00
-4.385204888532047676e+02 -9.155521793543214244e+02 4.581260503919907023e+00
-4.379785736468847972e+02 -9.665897949631238362e+02 3.249513192777300219e-01
-4.382642055011207276e+02 -1.016002803517150824e+03 -4.894591980712050372e+00
-4.393218906537109092e+02 -1.063797092323902007e+03 -1.104283832634536111e+01
-4.410941349015517972e+02 -1.109975883520556863e+03 -1.808539137733720281e+01
-4.435291582875863696e+02 -1.154546336424085212e+03 -2.598855185965811643e+01
-4.465727349332283325e+02 -1.197517410643660924e+03 -3.471820428554579507e+01
-4.501747811887221360e+02 -1.238896766539498458e+03 -4.424030464502911286e+01
-4.542859571805619225e+02 -1.278694506915354395e+03 -5.451991026084397163e+01
-4.588585610854770493e+02 -1.316922876536815693e+03 -6.552237454413059936e+01
-4.638459745080334642e+02 -1.353594694427086324e+03 -7.721514007624978149e+01
-4.692022910391356731e+02 -1.388723549924676718e+03 -8.956358110959442342e+01
-4.748859309614502990e+02 -1.422323325186136572e+03 -1.025337657702810077e+02
-4.808530757526845605e+02 -1.454410616385498770e+03 -1.160915493619814356e+02
-4.870639376380638623e+02 -1.485002763799582681e+03 -1.302057438331013941e+02
-4.934798165353286095e+02 -1.514117340273938680e+03 -1.448411462558303242e+02
-5.000623371733804561e+02 -1.541771466303713169e+03 -1.599665608639225525e+02
-5.067762192243063737e+02 -1.567987018484354167e+03 -1.755482807340159752e+02
-5.135868027575615997e+02 -1.592782478868485441e+03 -1.915562038829430094e+02
-5.204599250491808107e+02 -1.616179169122064195e+03 -2.079576959207792584e+02
-5.273640450895317144e+02 -1.638197989211070762e+03 -2.247228858719126947e+02
-5.342688273457945343e+02 -1.658863883239084998e+03 -2.418189340999425099e+02
-5.411457471351126287e+02 -1.678197347891189565e+03 -2.592178992369297816e+02
-5.479649493498195625e+02 -1.696222925312570624e+03 -2.768901940300224851e+02
-5.547016779551760237e+02 -1.712965448193586781e+03 -2.948048697541216256e+02
-5.613304441220875560e+02 -1.728448002820721285e+03 -3.129357912936508228e+02
-5.678268415805589484e+02 -1.742696646977866067e+03 -3.312536645947217835e+02
-5.741687072481047380e+02 -1.755736384206226148e+03 -3.497321030336435683e+02
-5.803341363095797760e+02 -1.767594017672259042e+03 -3.683431786288155649e+02
-5.863037834845267753e+02 -1.778294437169936145e+03 -3.870630263058089326e+02
-5.920568927169662174e+02 -1.787864417862389473e+03 -4.058643548455115706e+02
-5.975769966625382494e+02 -1.796331298887747607e+03 -4.247221877654361037e+02
-6.028466162156946666e+02 -1.803722247255001321e+03 -4.436146689510445071e+02
-6.078504616152581548e+02 -1.810063871956472667e+03 -4.625163096488359429e+02
-6.125735330632509203e+02 -1.815383682452858920e+03 -4.814057806001383142e+02
-6.170037970925462787e+02 -1.819708891072944198e+03 -5.002598960090390392e+02
-6.211265954291594653e+02 -1.823066342282968435e+03 -5.190588331353162630e+02
-6.249321309140846097e+02 -1.825485622716136504e+03 -5.377807581867584759e+02
-6.284086147418224755e+02 -1.826992485797849440e+03 -5.564063089324649809e+02
-6.315483844866979553e+02 -1.827615399800024306e+03 -5.749162846748464517e+02
-6.343404742360114597e+02 -1.827382668381026861e+03 -5.932933058428366166e+02
-6.367793174569234225e+02 -1.826319848725683642e+03 -6.115176587187700079e+02
-6.388559462700870881e+02 -1.824455788570345703e+03 -6.295740176869510378e+02
-6.405659228354350034e+02 -1.821816880544397918e+03 -6.474443522779263276e+02
-6.419042175945156714e+02 -1.818431408485389738e+03 -6.651152990956964004e+02
-6.428649486803083164e+02 -1.814325089396736757e+03 -6.825707092698240785e+02
-6.434453129231222874e+02 -1.809525480137206841e+03 -6.997965927718533976e+02
-6.436422586122099574e+02 -1.804058735728821375e+03 -7.167798728690152075e+02
-6.434528704597119031e+02 -1.797950775988159648e+03 -7.335064044568723602e+02
-6.428763682781757325e+02 -1.791229244987700440e+03 -7.499664732754922625e+02
-6.419107967710167486e+02 -1.783917711409613275e+03 -7.661478253461227723e+02
-6.405566907332245137e+02 -1.776042474683890305e+03 -7.820377860337624725e+02
-6.388142733604495334e+02 -1.767629546639550426e+03 -7.976295467050421166e+02
-6.366844474889044250e+02 -1.758701910782792311e+03 -8.129114866899765275e+02
-6.341664201731434787e+02 -1.749285752387029788e+03 -8.278752077697080267e+02
-6.312650323767879854e+02 -1.739404103418142995e+03 -8.425124289419761681e+02
-6.279806017686701125e+02 -1.729079798199026982e+03 -8.568166735527208857e+02
-6.243149627895046478e+02 -1.718338152154257386e+03 -8.707800906180800666e+02
-6.202734745971692973e+02 -1.707200439179127216e+03 -8.843971854006390458e+02
-6.158583163701600824e+02 -1.695689329258460248e+03 -8.976616770940720471e+02
-6.110736272105455100e+02 -1.683827120403144818e+03 -9.105682267895583664e+02
-6.059237265861059996e+02 -1.671634572721716950e+03 -9.231131138463429124e+02
-6.004119223952336597e+02 -1.659133960461655079e+03 -9.352909419153406816e+02
-5.945450697686571857e+02 -1.646344730163648364e+03 -9.470981495865900115e+02
-5.883266421232978018e+02 -1.633287744532194665e+03 -9.585333875725153803e+02
-5.817635104339080954e+02 -1.619981360867928743e+03 -9.695918895472348140e+02
-5.748592850246425314e+02 -1.606446606717054010e+03 -9.802737382887011108e+02
-5.676206997939535768e+02 -1.592701521284815499e+03 -9.905748584901186859e+02
-5.600536576909219093e+02 -1.578763344139623996e+03 -1.000495843532161985e+03
-5.521648113386975183e+02 -1.564651616953291750e+03 -1.010034614366165670e+03
-5.439591484292286623e+02 -1.550381658509678118e+03 -1.019192449900219117e+03
-5.354444615644666783e+02 -1.535970743944860260e+03 -1.027966917600197803e+03
-5.266260493012869119e+02 -1.521435510658315707e+03 -1.036359888623498136e+03
-5.175118467350374658e+02 -1.506791486254953043e+03 -1.044371520460562351e+03
-5.081064040612345707e+02 -1.492054458458739646e+03 -1.052003105582938360e+03
-4.984185935136007970e+02 -1.477239116632116520e+03 -1.059255146861905132e+03
-4.884549230615988904e+02 -1.462359034965248611e+03 -1.066130498076762706e+03
-4.782203044670669669e+02 -1.447427907230967776e+03 -1.072629417216518959e+03
-4.677236917730471646e+02 -1.432460310255504510e+03 -1.078754751497981488e+03
-4.569705813242047725e+02 -1.417468303549010443e+03 -1.084508287755668334e+03
-4.459687237671481057e+02 -1.402464714578692792e+03 -1.089893109168976025e+03
-4.347234324381968804e+02 -1.387460504904285017e+03 -1.094911277514494031e+03
-4.232437856149977620e+02 -1.372468820711263106e+03 -1.099565434884392971e+03
-4.115345613395772375e+02 -1.357500055442736539e+03 -1.103860335877587431e+03
-3.996024251554817965e+02 -1.342563874303628381e+03 -1.107797150832700936e+03
-3.874560949228014692e+02 -1.327672953246706584e+03 -1.111379651657057593e+03
-3.750998490255657885e+02 -1.312834681661629702e+03 -1.114611477345026060e+03
-3.625413557632016932e+02 -1.298059305392519718e+03 -1.117496500351912346e+03
-3.497858713620887556e+02 -1.283355578065808004e+03 -1.120037403277663543e+03
-3.368415092368524029e+02 -1.268733881935627551e+03 -1.122237727282773449e+03
-3.237130546655660623e+02 -1.254200222410681135e+03 -1.124101882236609754e+03
-3.104082311449727740e+02 -1.239763870601502504e+03 -1.125633030525383674e+03
-2.969307536353813930e+02 -1.225432782900403254e+03 -1.126834820717092043e+03
-2.832887295150715659e+02 -1.211213644495455810e+03 -1.127711785001940598e+03
-2.694874211913804629e+02 -1.197112637098514142e+03 -1.128265704075414078e+03
-2.555324283183578302e+02 -1.183137349385393691e+03 -1.128502038915743242e+03
-2.414287392071553029e+02 -1.169294411023291104e+03 -1.128423398166886273e+03
-2.271835014312579233e+02 -1.155589601983356715e+03 -1.128033119431176146e+03
-2.128017559897914168e+02 -1.142028028097272454e+03 -1.127334847876056529e+03
-1.982882595742118212e+02 -1.128615474975515326e+03 -1.126332224582505432e+03
-1.836485590492422943e+02 -1.115358586204034509e+03 -1.125029162829297775e+03
-1.688880655894612346e+02 -1.102261379776091871e+03 -1.123427255797749240e+03
-1.540124500813333839e+02 -1.089328028734573536e+03 -1.121531751331438272e+03
-1.390265141673133940e+02 -1.076564901729154371e+03 -1.119343522423143668e+03
-1.239346927476710221e+02 -1.063974406940454855e+03 -1.116867055792515202e+03
-1.087426373985836676e+02 -1.051563597428499406e+03 -1.114103909955705376e+03
-9.345549101999743868e+01 -1.039333318294478659e+03 -1.111057102711469042e+03
-7.807775802676914623e+01 -1.027291100213265509e+03 -1.107728357799791411e+03
-6.261442666214072972e+01 -1.015437417483014315e+03 -1.104122499165757290e+03
-4.706983111301472888e+01 -1.003778263869639545e+03 -1.100238687230357527e+03
-3.144960699056141706e+01 -9.923166895640671328e+02 -1.096080917413833959e+03
-1.575818341051500759e+01 -9.810564023361911268e+02 -1.091649781062026705e+03
-3.975901166963786342e-09 -9.699999999260959385e+02 -1.086948000065952556e+03
