-3.263439243199992234e+03 2.157599999999989905e+03 -7.219561839999995527e+02
-3.554538773649997893e+03 2.084252685800004656e+03 -7.276471060999956535e+02
-3.836899853050010734e+03 2.010191079450003599e+03 -7.328991921999947863e+02
-4.110648417950021212e+03 1.935440156200001411e+03 -7.377158565000012231e+02
-4.375905821050032500e+03 1.860019896250000784e+03 -7.420995261999967170e+02
-4.632795807949975824e+03 1.783960269899999503e+03 -7.460535714999948596e+02
-4.881427680649973809e+03 1.707271267250002893e+03 -7.495783882999996877e+02
-5.121937930699970821e+03 1.629987853649996850e+03 -7.526802871999998388e+02
-5.354429355899997063e+03 1.552130009300001802e+03 -7.553586390000000392e+02
-5.579036432200016861e+03 1.473722709449998547e+03 -7.576197139999959518e+02
-5.795863441699996656e+03 1.394785934300000235e+03 -7.594638075000028721e+02
-6.005039702000017314e+03 1.315349654150001243e+03 -7.608961914999998726e+02
-6.206671375400020224e+03 1.235428854149997960e+03 -7.619180946000013819e+02
-6.400880371400006879e+03 1.155058499650000158e+03 -7.625337452000011353e+02
-6.587786954649991458e+03 1.074253575799999908e+03 -7.627473385999954871e+02
-6.767500526750002791e+03 9.930440528999998833e+02 -7.625610635999954638e+02
-6.940134636300009333e+03 9.114549061999977084e+02 -7.619780861000007235e+02
-7.105805954349987587e+03 8.295111109500038538e+02 -7.610025301000015361e+02
-7.264630673450005816e+03 7.472376423999988901e+02 -7.596385098999991214e+02
-7.416719028150014310e+03 6.646544807500000616e+02 -7.578891250999953400e+02
-7.562180485650003902e+03 5.817965913499980388e+02 -7.557574605999956248e+02
-7.701127667200000360e+03 4.986789593499967737e+02 -7.532475593999957937e+02
-7.833677542249979524e+03 4.153315550500020663e+02 -7.503644461999962232e+02
-7.959937346100014111e+03 3.317793537000014226e+02 -7.471111604999982774e+02
-8.080010768949995509e+03 2.480473305499987191e+02 -7.434906719999953566e+02
-8.194017287649996433e+03 1.641604608500013001e+02 -7.395089506999945570e+02
-8.302060161450021042e+03 8.014871490000167853e+01 -7.351689568999945550e+02
-8.404245899299989105e+03 -3.967927100001503504e+00 -7.304746113000016976e+02
-8.500680426850012736e+03 -8.815949484999956098e+01 -7.254298224999949980e+02
-8.591479142049984148e+03 -1.724060081499982857e+02 -7.200404793000008112e+02
-8.676740671899988229e+03 -2.566725016499985941e+02 -7.143094495000015058e+02
-8.756572736400037684e+03 -3.409439902000004849e+02 -7.082415726999969365e+02
-8.831082073200030209e+03 -4.251905035000008866e+02 -7.018416693999994322e+02
-8.900369493399985004e+03 -5.093820712499998535e+02 -6.951135458999957564e+02
-8.964540560449975601e+03 -5.934987132500017424e+02 -6.880619991999959666e+02
-9.023697741900001347e+03 -6.775104592000000139e+02 -6.806917639999965104e+02
-9.077944771999986187e+03 -7.613973289000012983e+02 -6.730076004999948509e+02
-9.127382437649985150e+03 -8.451243570000045793e+02 -6.650142095999990488e+02
-9.172107392199932292e+03 -9.286765583499977765e+02 -6.567153152999981103e+02
-9.212223640849997537e+03 -1.012023962650000158e+03 -6.481165773999954354e+02
-9.247834843999964505e+03 -1.095141594650002389e+03 -6.392236502999994627e+02
-9.279033722350026437e+03 -1.178004479100001163e+03 -6.300401788999982955e+02
-9.305921402249987295e+03 -1.260587640749999309e+03 -6.205717653999967069e+02
-9.328594158049985708e+03 -1.342861109299998589e+03 -6.108230214000017213e+02
-9.347146241550024570e+03 -1.424804904550004039e+03 -6.007985175000019353e+02
-9.361680973699996684e+03 -1.506394051249993026e+03 -5.905047953999986703e+02
-9.372285981400007586e+03 -1.587603574150004988e+03 -5.799453979999988178e+02
-9.379061936499989315e+03 -1.668403502949999165e+03 -5.691268143999976701e+02
-9.382105119250030839e+03 -1.748778852499998493e+03 -5.580545509000016864e+02
-9.381499476200051504e+03 -1.828694657449999795e+03 -5.467320764999985840e+02
-9.377344067449997965e+03 -1.908135932649998949e+03 -5.351658482999978332e+02
-9.369725133050023942e+03 -1.987072707800007265e+03 -5.233602764000039542e+02
-9.358744932649969996e+03 -2.065480007649999607e+03 -5.113227762000015559e+02
-9.344482827749976423e+03 -2.143337851999996928e+03 -4.990567262000039364e+02
-9.327033456100005424e+03 -2.220621265599999788e+03 -4.865684943000027829e+02
-9.306485572350029543e+03 -2.297305273199994190e+03 -4.738634358999987057e+02
-9.282920503649927923e+03 -2.373369894600005409e+03 -4.609458634999986089e+02
-9.256440112750038679e+03 -2.448790154549993986e+03 -4.478240796000039836e+02
-9.227119028699957198e+03 -2.523541077799992308e+03 -4.345013673000035510e+02
-9.195041150700006256e+03 -2.597602684149994275e+03 -4.209829852999986883e+02
-9.160305496250006399e+03 -2.670949998349996349e+03 -4.072771794000032628e+02
-9.122983173300028284e+03 -2.743558045150000453e+03 -3.933871623000036379e+02
-9.083160879699998986e+03 -2.815416834449994894e+03 -3.793191433999983246e+02
-9.040923119499926543e+03 -2.886491400899965811e+03 -3.650792886999981874e+02
-8.996349024150016703e+03 -2.956761764300000323e+03 -3.506727610000000368e+02
-8.949521737750023021e+03 -3.026217934550017162e+03 -3.361056991000004928e+02
-8.900523153900012403e+03 -3.094824946299999283e+03 -3.213842160000029935e+02
-8.849429209699974308e+03 -3.162567814399997587e+03 -3.065134112000029631e+02
-8.796319530249989839e+03 -3.229426558649985054e+03 -2.914993528999982004e+02
-8.741272839250013931e+03 -3.295376203799994983e+03 -2.763480907999979763e+02
-8.684362493800024822e+03 -3.360406759750009314e+03 -2.610646730999989700e+02
-8.625664747999995598e+03 -3.424488256200002979e+03 -2.456550997999985100e+02
-8.565260721700007707e+03 -3.487605708000000504e+03 -2.301263646999989589e+02
-8.503214873099997931e+03 -3.549734139899992897e+03 -2.144824418999988609e+02
-8.439611049649951383e+03 -3.610863561799997569e+03 -1.987312741000021958e+02
-8.374512311200021941e+03 -3.670973993499996141e+03 -1.828768079999971974e+02
-8.307994533050023165e+03 -3.730040459750006903e+03 -1.669259317000022236e+02
-8.240128915599991160e+03 -3.788052970449995883e+03 -1.508845450999990305e+02
-8.170985342749979282e+03 -3.844986550350008656e+03 -1.347585208999994109e+02
-8.100626346799997009e+03 -3.900826214300006541e+03 -1.185526906999992036e+02
-8.029125523800011251e+03 -3.955556977149998147e+03 -1.022738967000008472e+02
-7.956549037950027014e+03 -4.009158858699981010e+03 -8.592793809999940891e+01
-7.882962601050002377e+03 -4.061621868850003011e+03 -6.952060440000104791e+01
-7.808430140949982160e+03 -4.112926027400004386e+03 -5.305765009999961990e+01
-7.733020090549999622e+03 -4.163051354149985855e+03 -3.654581419999956893e+01
-7.656785683199979758e+03 -4.211987858999993477e+03 -1.998884679999907021e+01
-7.579797659350044341e+03 -4.259720556799996302e+03 -3.394428600000700236e+00
-7.502111688349973520e+03 -4.306234462399976110e+03 1.323274670000124331e+01
-7.423792330850007602e+03 -4.351514590649991078e+03 2.988601719999952877e+01
-7.344892078050019336e+03 -4.395545956399968418e+03 4.656075250000034060e+01
-7.265473965850015702e+03 -4.438318569550005122e+03 6.325032160000095871e+01
-7.185599002100015241e+03 -4.479817444950004756e+03 7.994813330000123131e+01
-7.105312699699970835e+03 -4.520027597449994573e+03 9.665059210000029566e+01
-7.024678793449987097e+03 -4.558944031999999424e+03 1.133501577000006080e+02
-6.943745328100033475e+03 -4.596546768400006840e+03 1.300422886000003757e+02
-6.862570338850003282e+03 -4.632825816550007403e+03 1.467204534000005367e+02
-6.781199773200009986e+03 -4.667771186350007156e+03 1.633801528999999277e+02
-6.699688208700019459e+03 -4.701377882749991841e+03 1.800149249000005511e+02
-6.618084289800007355e+03 -4.733625925550009015e+03 1.966193209000002753e+02
-6.536437970550014143e+03 -4.764510319699996217e+03 2.131878661999998599e+02
-6.454794228949996068e+03 -4.794026070149998304e+03 2.297151858000003415e+02
-6.373205275749995053e+03 -4.822158191750007063e+03 2.461948646999994708e+02
-6.291705720550006845e+03 -4.848896694399999433e+03 2.626235258000001522e+02
-6.210349386800024149e+03 -4.874236583050012996e+03 2.789938265999998066e+02
-6.129174631599991699e+03 -4.898172862650053503e+03 2.953014192000000548e+02
-6.048222852599991711e+03 -4.920695543100009672e+03 3.115410008000002904e+02
-5.967535067249994427e+03 -4.941794634300033977e+03 3.277072752999995373e+02
-5.887151898200019787e+03 -4.961465141200001199e+03 3.437949544000003357e+02
-5.807115839799987953e+03 -4.979707063800015931e+03 3.597978178000001321e+02
-5.727455766349979967e+03 -4.996510412000001452e+03 3.757126029000000358e+02
-5.648217907749994083e+03 -5.011865195699985634e+03 3.915321192999999766e+02
-5.569427885400015839e+03 -5.025776409950019115e+03 4.072531688999999915e+02
-5.491126050599998052e+03 -5.038229069600010007e+03 4.228695742000001019e+02
-5.413340916349982763e+03 -5.049233164750003198e+03 4.383771850000000541e+02
-5.336104599350001081e+03 -5.058768715199988947e+03 4.537708831000001055e+02
-5.259444175500004349e+03 -5.066850706100020034e+03 4.690465464000000111e+02
-5.183400482049999482e+03 -5.073459157249999407e+03 4.841970927000000984e+02
-5.107987241450005968e+03 -5.078604058750000149e+03 4.992204573000000210e+02
-5.033240180550003060e+03 -5.082280415550013458e+03 5.141105550000000903e+02
-4.959178574200000185e+03 -5.084488227650000226e+03 5.288634200000000192e+02
-4.885831259999979920e+03 -5.085222500000000764e+03 5.434740000000000464e+02
